0.243 0.071 0.179 0.067 0.051 0.032 0.037 0.185 0.053 0.106
0.061 0.156 0.157 0.182 0.189 0.129 0.059 0.077 0.019 0.127
0.023 0.158 0.042 0.156 0.044 0.103 0.097 0.142 0.187 0.078
0.024 0.052 0.024 0.215 0.040 0.105 0.170 0.104 0.118 0.130
0.233 0.025 0.088 0.069 0.000 0.011 0.218 0.069 0.000 0.076
0.146 0.100 0.106 0.149 0.116 0.120 0.068 0.100 0.071 0.032
0.048 0.090 0.157 0.046 0.096 0.115 0.149 0.105 0.172 0.021
0.060 0.094 0.150 0.028 0.185 0.190 0.078 0.056 0.038 0.152
0.155 0.131 0.006 0.049 0.106 0.070 0.019 0.162 0.179 0.106
0.007 0.123 0.091 0.039 0.173 0.125 0.105 0.000 0.163 0.172
